1 0.4666666666666667 0.1875 0.12 0.125
1 0.5183333333333333 0.3854166666666667 0.15 0.14583333333333334
1 0.6583333333333333 0.6520833333333333 0.33 0.22083333333333333
1 0.48833333333333334 0.775 0.09666666666666666 0.075
1 0.5183333333333333 0.50625 0.12333333333333334 0.07916666666666666
1 0.4266666666666667 0.3645833333333333 0.04666666666666667 0.1125
1 0.4483333333333333 0.9458333333333333 0.03666666666666667 0.041666666666666664
1 0.405 0.6104166666666667 0.043333333333333335 0.04583333333333333
1 0.3933333333333333 0.7916666666666666 0.03333333333333333 0.025
1 0.405 0.99375 0.03 0.0125
1 0.47333333333333333 0.575 0.09333333333333334 0.08333333333333333
1 0.43833333333333335 0.85625 0.06333333333333334 0.0375
1 0.4066666666666667 0.9458333333333333 0.02666666666666667 0.03333333333333333
1 0.4266666666666667 0.68125 0.06 0.07083333333333333
1 0.4166666666666667 0.7479166666666667 0.03333333333333333 0.020833333333333332