1 0.75 0.4583333333333333 0.1 0.15
1 0.5916666666666667 0.5229166666666667 0.11666666666666667 0.1875
1 0.37833333333333335 0.6979166666666666 0.17666666666666667 0.4125
1 0.28 0.48541666666666666 0.06 0.12083333333333333
1 0.495 0.5229166666666667 0.06333333333333334 0.15416666666666667
1 0.6083333333333333 0.4083333333333333 0.09 0.058333333333333334
1 0.14333333333333334 0.4354166666666667 0.03333333333333333 0.04583333333333333
1 0.4116666666666667 0.38125 0.03666666666666667 0.05416666666666667
1 0.26666666666666666 0.36666666666666664 0.02 0.041666666666666664
1 0.09833333333333333 0.38125 0.023333333333333334 0.0375
1 0.44 0.4666666666666667 0.06666666666666667 0.11666666666666667
1 0.215 0.42291666666666666 0.03 0.07916666666666666
1 0.14333333333333334 0.38333333333333336 0.02666666666666667 0.03333333333333333
1 0.355 0.4083333333333333 0.056666666666666664 0.075
1 0.3016666666666667 0.3958333333333333 0.016666666666666666 0.041666666666666664