1 0.5333333333333333 0.8125 0.12 0.125
1 0.4816666666666667 0.6145833333333334 0.15 0.14583333333333334
1 0.3416666666666667 0.34791666666666665 0.33 0.22083333333333333
1 0.5116666666666667 0.225 0.09666666666666666 0.075
1 0.4816666666666667 0.49375 0.12333333333333334 0.07916666666666666
1 0.5733333333333334 0.6354166666666666 0.04666666666666667 0.1125
1 0.5516666666666666 0.05416666666666667 0.03666666666666667 0.041666666666666664
1 0.595 0.38958333333333334 0.043333333333333335 0.04583333333333333
1 0.6066666666666667 0.20833333333333334 0.03333333333333333 0.025
1 0.595 0.00625 0.03 0.0125
1 0.5266666666666666 0.425 0.09333333333333334 0.08333333333333333
1 0.5616666666666666 0.14375 0.06333333333333334 0.0375
1 0.5933333333333334 0.05416666666666667 0.02666666666666667 0.03333333333333333
1 0.5733333333333334 0.31875 0.06 0.07083333333333333
1 0.5833333333333334 0.2520833333333333 0.03333333333333333 0.020833333333333332